==========================================================================================================
 SHALLOW WATER EQUATION - PERFORMANCE RESULTS
==========================================================================================================
 Grid Size | Threads | Sequential Time (s) | Parallel Time (s) | GPU Time (s) | CPU Speedup | GPU Speedup
----------------------------------------------------------------------------------------------------------
10000      | 8       | 2.24770              | 2.24670            | 0.35461      | 1.00044      | 6.33850     
10000      | 16      | 2.24391              | 2.24885            | 0.03299      | 0.99780      | 68.01047    
10000      | 32      | 2.27792              | 2.24410            | 0.03323      | 1.01507      | 68.55832    
10000      | 64      | 2.24247              | 2.25018            | 0.03293      | 0.99658      | 68.09873    
25000      | 8       | 5.59528              | 5.62904            | 0.03248      | 0.99400      | 172.26956   
25000      | 16      | 5.62134              | 5.59484            | 0.03238      | 1.00474      | 173.58250   
25000      | 32      | 5.58481              | 5.54557            | 0.03226      | 1.00708      | 173.11633   
25000      | 64      | 5.57748              | 5.52480            | 0.03237      | 1.00954      | 172.31456   
50000      | 8       | 10.79711             | 10.70089           | 0.03346      | 1.00899      | 322.71504   
50000      | 16      | 10.71431             | 10.71007           | 0.03337      | 1.00040      | 321.08532   
50000      | 32      | 10.70572             | 10.67693           | 0.03352      | 1.00270      | 319.35491   
50000      | 64      | 10.63818             | 10.64954           | 0.03384      | 0.99893      | 314.40429   
100000     | 8       | 21.23850             | 21.39217           | 0.03615      | 0.99282      | 587.55693   
100000     | 16      | 21.48161             | 21.49011           | 0.03612      | 0.99960      | 594.65581   
100000     | 32      | 21.26484             | 21.31414           | 0.03642      | 0.99769      | 583.92774   
100000     | 64      | 21.21955             | 21.13877           | 0.03600      | 1.00382      | 589.40378   
----------------------------------------------------------------------------------------------------------
